1
          47.6714999999385
          917.120655999999
          172.370000000112
2
          915.667599999999
           172.03600000008
          84.3224999999511
3
          177.216000000015
          85.5029999999679
          842.450624999999
4
          88.5179999999818
          839.145023999998
          186.253999999957
5
          785.400624999999
          181.050000000047
          118.423500000034
7
          175.847999999998
          118.795500000066
          776.235320999999
8
          155.847000000067
          695.746128999998
          184.919999999925
9
          703.204324000002
          190.747999999905
          156.598499999964
10
           194.21399999992
           183.28350000002
                  637.0576
11
           184.02899999998
          636.704288999997
          183.084000000032
12
          632.874649000002
          185.585999999894
          210.760499999975
13
          191.512000000104
           210.58349999995
          576.768255999998
14
          210.265500000038
          574.273296000003
          200.605999999912
15
          478.690641000001
          194.507999999914
           257.34600000002
16
          188.624000000069
          257.704499999934
          465.264900000002
17
          287.017499999958
          411.278399999999
          190.374000000069
18
          419.307528999999
           196.21399999992
           287.71649999998
19
          182.361999999965
          317.854500000074
                363.550489
20
          316.654500000004
          360.392256000001
          174.512000000104
21
                  361.3801
          155.595999999903
          340.380000000063
22
          159.987999999896
          342.501000000048
          310.182543999999
23
          344.508000000031
          307.651599999999
          153.148000000045
24
          282.139209000001
          148.611999999965
          356.368500000041
25
          144.533999999985
          353.878499999992
          284.833128999998
26
          455.718000000052
          50.0697760000003
          190.987999999896
27
          40.8193210000001
          219.253999999957
          427.061999999976
28
          184.703999999911
          429.706500000029
          64.2241960000002
29
          405.678000000073
                103.408561
          210.811999999918
30
           83.576164000001
          240.605999999912
          395.740500000073
31
          242.483999999939
          371.916000000027
          112.126921000001
32
          372.512999999919
          140.612163999999
          189.030000000028
33
          163.379524000001
          183.016000000061
          378.919500000018
34
          184.889999999898
          366.065999999992
                201.015684
35
          362.866499999946
                224.430361
          171.297999999952
36
          272.349009000001
          184.162000000011
          327.567000000039
37
          193.347999999998
          330.177000000025
          277.289104000001
38
          337.355999999971
          240.963529000001
          216.165999999968
39
                219.424969
          244.290000000037
          341.918999999994
40
          262.445999999996
          322.190999999992
          183.196224999999
41
          312.049500000081
                247.905025
          219.304000000004
42
          305.620323999999
          198.669999999925
          301.879500000039
43
          191.973999999929
          304.973999999987
          386.436964000001
44
          296.086499999918
          404.774161000001
           204.96399999992
45
          402.443721000001
          226.800000000047
           278.46450000006
46
          249.928000000073
          283.621500000008
                307.090576
47
          284.986500000057
          282.374415999999
           247.53199999989
48
                274.299844
          272.918000000063
          304.780500000052
49
          302.458000000101
          329.845499999996
                152.053561
50
          300.781499999925
          187.115040999999
          334.574000000022
51
                258.952464
          363.699999999953
          293.257500000007
52
          399.291999999899
          286.074000000022
          392.475721000001
53
          284.168999999994
          395.492768999998
          408.601999999955
54
          397.204899999998
          396.905999999959
          251.350500000059
55
          392.825999999885
          252.286499999987
                481.056489
56
          253.102499999979
          477.772163999998
          356.772000000114
57
                414.733225
          322.669999999925
          263.708999999973
58
          292.543999999994
          269.635499999975
                247.307076
59
          272.044500000018
          297.976643999998
           251.32799999998
60
                332.880025
          228.361999999965
          268.454999999958
61
          205.898000000045
          267.351000000082
                426.959569
62
          252.645000000077
          480.661775999999
          209.533999999985
63
          462.637081000001
          227.644000000088
          246.271499999973
64
247.11242
           252.70199999999
          366.454449000001
65
           249.42300000001
          337.383424000002
          262.017999999924
66
          326.452623999999
          287.115999999922
          252.151500000036
67
          314.757999999914
          245.995499999961
                358.647844
68
           240.61050000001
          443.565721000001
          380.753999999957
69
                  534.9969
          385.962000000058
          229.072499999951
70
          395.493999999948
          226.020000000077
          563.017983999998
71
          204.767999999982
          602.555209000001
          374.030000000028
72
          597.802500000002
          379.115999999922
          205.180500000017
73
          343.280000000028
          212.422499999986
          521.391555999998
74
          219.538500000082
                413.390224
          271.081999999937
75
                322.777156
          244.453999999911
          232.211999999941
76
          220.793999999994
          232.858499999915
                  440.5801
77
          229.045500000066
          482.768783999999
          204.202000000048
78
                545.736321
          237.054000000004
          207.853500000027
79
          267.239999999991
          208.282499999972
          369.062521000001
80
          204.238499999978
          436.726404000001
          324.928000000073
81
                525.922489
          370.263999999966
          190.644000000029
82
          375.683999999892
          190.061999999976
                633.428224
83
          188.622000000032
          662.908008999998
           381.39599999995
84
          704.265444000001
          370.260000000009
          166.561499999953
85
           370.17200000002
           166.59149999998
          696.115456000001
86
          167.843999999925
                683.508736
          332.439999999944
87
          613.651984000002
          286.273999999976
          184.183499999985
88
          256.185999999987
          186.678000000073
          442.723681000002
89
                   188.625
          495.641169000002
          202.487999999896
90
          581.002816000002
          205.912000000011
          175.917000000074
91
          200.860000000102
          160.006499999959
          634.435343999999
92
          151.615500000073
          680.635921000003
          230.608000000007
93
          535.783609000002
          261.925999999978
          165.126000000048
94
          292.335999999894
          164.265000000014
          556.629648999998
95
          161.822999999975
          637.411008999998
          361.625999999931
96
          717.704099999998
          367.462000000058
          156.799500000081
97
          379.972000000067
          154.134000000078
          718.776099999997
98
          131.752499999944
                775.678201
          359.409999999916
99
          766.957635999998
           353.81799999997
          134.086499999918
100
          322.695999999996
          138.244499999913
          698.280624999998
101
          140.655000000028
          618.914884000002
          257.997999999905
102
          537.080624999998
          225.206000000006
          140.779500000004
103
          196.743999999948
          140.196000000054
          690.375624999999
104
          116.992499999993
          779.582241000003
          195.095999999903
105
          727.542728999998
          227.438000000082
          120.400499999989
106
          258.814000000013
           121.97100000002
          593.750688999998
107
          122.821500000078
          660.695615999997
           317.81799999997
108
                720.976201
          344.634000000078
          115.138499999943
109
          350.409999999916
           113.71649999998
          298.006001000001
110
           109.02899999998
          826.160049000003
          350.868000000017
111
          896.283843999999
          337.394000000088
           92.395499999926
112
          331.688000000082
          94.5569999999134
          127.770440999998
113
          97.8149999999441
          734.626816000002
          267.600000000093
114
          670.447449000001
          243.206000000006
          103.243500000041
115
          219.256000000052
          104.472000000067
          572.209329000001
116
          100.434000000008
          753.118248999999
          184.736000000034
117
          863.008128999997
          190.861999999965
          72.5160000000615
118
           224.60400000005
          72.7515000000712
                  735.4944
119
          70.2419999999693
          773.618595999998
          274.257999999914
120
          820.593315999998
          291.087999999989
          56.2665000000852
121
          295.693999999901
          53.5064999999595
          493.113224999999
122
          42.3044999999693
          970.011024999999
          280.729999999981
123
          973.627208999998
          274.526000000071
          39.4214999999385
124
          270.902000000002
           42.700499999919
          504.986888999998
125
           52.450499999919
          842.450624999999
          216.762000000104
126
          783.832008999998
          188.439999999944
          62.1689999999944
127
           182.81799999997
          63.4275000000489
          473.970968999999
128
          45.6480000000447
                836.539929
          188.595999999903
129
          847.799688999998
          214.433999999892
          140.6904999999679
130
          230.337999999989
          34.4249999999302
          84.884008999997
131
          22.9814999999944
                963.667849
          248.121999999974
132
                958.335849
          248.174000000115
          19.7730000000447
133
          212.502000000095
          13.6979999999749
                169.948736
134
          18.6194999999134
          966.650281000001
          200.257999999914
135
          890.903103999997
          183.727999999886
          27.6585000000196
136
          177.304000000004
          28.1279999999679
          56.603040999998
137
          507.740999999922
          15.4448999999996
          371.360000000102
138
          29.1599999999998
          345.945999999996
          52.093000000052
139
          332.547999999952
          502.162500000035
          7.46382399999984
140
          490.021499999973
          7.75065599999995
          383.247999999905
141
         0.488600999999938
           407.71800000011
          457.629000000015
142
          410.591999999946
          448.494000000064
          9.27202499999975
143
          439.609499999962
          18.0370089999996
          435.987999999896
144
          32.5470250000005
           405.86400000006
          440.759999999951
145
           373.06799999997
          446.713500000013
          3.84944399999996
146
           453.65850000002
          0.62252099999998
          307.189999999944
147
          1.06915599999998
          317.496000000043
          479.332500000077
148
          350.111999999965
          470.822999999975
         0.207025000000037
149
          463.295999999915
         0.345743999999959
           424.71800000011
150
                  214.3296
          403.452000000048
          298.795500000066
151
          409.541999999899
          298.123499999929
          363.169249000001
152
           302.90399999998
          343.064484000002
          378.888000000035
153
          309.513648999999
          362.428000000073
          310.330499999982
154
          352.266000000061
          316.315499999968
          269.058409000001
155
          317.140500000038
          270.799936000001
          354.155999999959
155
          266.701561000001
          349.732000000076
          319.796999999962
156
          341.830000000075
          312.755999999936
          246.929796000002
157
          313.441500000015
          202.578288999999
          318.138000000035
158
                180.714249
          299.110000000102
          323.931000000041
159
          285.933999999892
          333.436499999953
                143.328784
160
          356.918999999994
                126.877696
           268.86400000006
161
          100.741369000001
          270.773999999976
          268.493000000017
162
          285.791999999899
          375.397500000021
          86.4342090000005
163
          379.563000000024
          77.6337210000006
          28.418000000063
164
                  103.0225
          335.780000000028
          360.292499999923
165
          329.557999999961
          342.620999999985
                150.528361
166
          334.905000000028
          136.890000000001
          318.777999999933
167
                118.048225
          322.712000000058
          346.441500000015
168
          325.584000000032
          355.486500000057
          100.620960999999
169
          362.706000000006
          90.5352249999997
          304.301999999909
170
          88.3036090000009
          306.580000000075
          367.477499999979
171
          301.884000000078
          367.354500000074
                104.878081
172
          361.710000000021
                114.126489
          272.557999999961
173
          72.3350249999999
          266.243999999948
          396.245999999985
174
          261.022000000114
          407.587499999965
          54.1696000000002
175
          423.016500000085
          40.9344040000003
          255.983999999939
176
          28.9766890000004
           257.68200000003
          449.967000000004
177
          238.601999999955
          450.899999999965
          24.3838439999999
178
          434.804999999993
          33.7560999999994
          242.527999999933
179
          41.6025000000006
          273.139999999898
          450.478500000027
180
          277.301999999909
           435.54150000005
          24.8801440000006
181
          424.570500000031
          27.9629440000001
          286.737999999896
182
          35.3787039999998
          292.773999999976
          400.984499999962
183
          299.492000000086
          390.505500000087
          58.6755999999995
184
          385.350000000035
          64.7864009999996
          320.321999999927
185
          42.5364840000006
          318.232000000076
          411.519000000029
186
           316.03600000008
           425.01449999999
                 16.232841
187
          436.839000000036
          7.99758399999986
          302.375999999931
188
          4.16159999999985
          420.729999999981
          327.491999999969
189
          414.874000000069
          328.372500000056
          293.402641000001
190
          328.795500000066
          271.821168999999
           374.96399999992
191
                255.232576
          355.796000000089
          327.420000000042
192
          350.066000000108
          329.024999999965
          234.243024999998
193
          325.066500000015
          227.527055999998
          330.022000000114
194
          168.194961000001
          336.793999999994
          340.816500000015
195
          355.115999999922
          341.847000000067
                199.798225
196
          337.877999999968
          230.098560999999
          389.850000000093
197
          248.598289000002
          403.560000000056
           333.87300000008
198
          416.141999999993
          332.269500000053
          283.551921000002
199
          331.453500000061
          283.652963999999
          425.041999999899
200
          250.367328999999
          420.192000000039
          344.500500000024
201
          403.361999999965
          347.191500000015
          230.250275999999
202
          349.690499999968
                214.446736
          369.429999999935
203
                191.324224
          355.370000000112
          354.678000000073
204
          347.747999999905
          368.769000000029
                121.616784
205
          367.031999999948
          150.136009000001
          384.398000000045
206
          163.251729000001
           404.32799999998
          362.282999999996
207
          424.594000000041
          359.002499999944
          211.266224999999
208
          358.135499999975
                215.884249
          435.023999999976
209
          184.525055999999
          430.821999999927
          371.490000000049
210
           417.43200000003
          375.407999999996
          159.466384000001
211
          376.784999999916
          140.375103999999
           383.57799999998
212
          128.595600000001
          362.100000000093
          378.793499999971
213
          340.953999999911
           378.43949999992
                 93.103201
214
          381.232500000042
          73.3934890000001
                    326.25
215
          52.3886440000008
          342.966000000015
          392.901000000013
216
          360.115999999922
          390.398999999918
          74.7360249999997
217
           385.10400000005
          107.101801000001
          389.283999999985
218
                116.618401
          406.398000000045
          380.483999999939
219
           422.06799999997
          380.609999999986
                148.303684
220
           380.18550000008
          160.655624999999
          441.608000000007
221
                158.180929
          441.591999999946
          391.770000000077
222
          446.168000000063
          390.164999999979
                132.365025
223
          387.256499999959
                134.026929
          420.013999999966
224
                100.380361
          400.979999999981
          398.480999999971
225
          382.584000000032
          400.774499999941
          64.4166759999993
226
          403.046999999962
          49.8718440000002
          341.752000000095
227
          43.0729689999998
          323.516000000061
          406.594499999948
228
          323.169999999925
          421.081500000029
          14.7148960000001
229
          422.265000000014
          19.9362250000003
          364.276000000071
230
          23.5613160000004
          382.763999999966
          422.934000000008
231
          399.159999999916
          420.904500000004
          33.5820249999995
232
          417.465000000084
          48.4694439999998
          435.551999999909
233
          70.1238760000004
          446.266000000061
          406.803000000073
234
          453.061999999918
          396.193499999936
                114.425809
235
          393.651000000013
          115.842169000001
          464.752000000095
236
          96.4913289999996
          468.679999999935
          401.761500000022
237
           481.56799999997
          412.552500000049
          72.5052249999998
238
          409.913999999932
          73.6164000000007
          501.894000000088
239
          49.0700249999999
          503.979999999981
          419.449500000046
240
          517.834000000032
          429.759000000078
          36.6993639999999
241
          427.132500000007
          38.3284810000004
          536.520000000019
242
          23.2227609999996
          536.727999999886
           434.01449999999
243
          436.600000000093
          423.142499999958
          47.6790249999996
244
          427.517999999982
          29.6153640000001
          401.026000000071
245
          23.1264809999997
          379.493999999948
          433.803000000073
246
          359.678000000073
          436.747500000056
          6.81732099999995
247
           440.27099999995
           3.3160410000001
          321.291999999899
248
          190.525055999999
          430.821999999927
          351.490000000049
249
           434.43200000003
          275.407999999996
          168.466384000001
250
          26.784999999916
          320.375103999999
           83.57799999998
251
          18.595600000001
          342.100000000093
          78.793499999971
252
          30.953999999911
           348.43949999992
                 193.103201
253
          281.232500000042
         173.3934890000001
                    32.65
254
          152.3886440000008
          342.21
          392.901000000013
255
          80.115999999922
          690.398999999918
144
256
           255.10400000005
          1.801000001
          19.283999999985
257
                416.618401
          86.398000000045
          80.483999999939
258
           322.06799999997
          550.609999999986
                145.03684
259
           30.18550000008
          140.655624999999
          481.608000000007
260
                18.180929
          381.591999999946
          21.770000000077
261
          146.168000000063
          310.164999999979
                112.365025
262
          317.256499999959
                34.026929
          220.013999999966
263
                1.380361
          400.979999999981
          298.480999999971
264
          182.584000000032
          100.774499999941
          164.4166759999993
265
          401.046999999962
          149.8718440000002
          225.752000000095
266
          223.0729689999998
          324.50000061
          426.594499999948
267
          23.169999999925
          41.081500000029
          114.7148960000001
268
          452.265000000014
          119.9362250000003
          324.276000000071
269
          203.5613160000004
          302.763999999966
          402.934000000008
270
          309.159999999916
          422.904500000004
          303.5820249999995
271
          407.465000000084
          148.4694439999998
          35.551999999909
272
          170.1238760000004
          146.266000000061
          26.803000000073
273
          123.061999999918
          26.193499999936
                104.425809
274
          143.651000000013
          15.842169000001
          44.752000000095
275
          196.4913289999996
          68.679999999935
          421.761500000022
276
           351.56799999997
          232.552500000049
          172.5052249999998
277
          209.913999999932
          73.6164000000007
          501.894000000088
278
          149.0700249999999
          49.0700249999999
          419.449500000046
279
          17.834000000032
          329.759000000078
          326.6993639999999
280
          267.132500000007
          18.3284810000004
          36.520000000019
281
          23.2227609999996
          536.727999999886
           434.01449999999
282
          136.600000000093
          222.142499999958
          47.6790249999996
283
          407.517999999982
          129.6153640000001
          21.026000000071
284
          212.695999999996
          108.244499999913
         18.280624999998
285
          240.655000000028
          318.914884000002
          57.997999999905
286
          137.080624999998
          35.206000000006
          150.779500000004
287
          116.743999999948
          240.196000000054
          640.375624999999
288
          216.992499999993
          779.582241000003
          105.095999999903
289
          27.542728999998
          127.438000000082
          220.400499999989
290
          28.814000000013
           11.97100000002
          53.750688999998
291
          232.821500000078
          160.695615999997
           117.81799999997
292
                520.976201
          774.634000000078
          115.138499999943
293
          350.409999999916
           113.71649999998
          798.006001000001
294
           109.02899999998
          826.160049000003
          350.868000000017
295
          896.283843999999
          337.394000000088
           192.395499999926
296
         131.688000000082
          94.5569999999134
          27.770440999998
297
          497.8149999999441
          134.626816000002
          217.600000000093
298
          670.447449000001
          243.206000000006
          103.243500000041
299
          19.256000000052
          174.472000000067
          472.209329000001
300
          180.434000000008
          553.118248999999
          484.736000000034
301
          163.008128999997
          120.861999999965
          172.5160000000615
302
           24.60400000005
          712.7515000000712
                  135.4944
303
          270.2419999999693
          713.618595999998
          274.257999999914
